0	14
1	1
2	2
3	4
4	7
5	2
6	300
7	300
8	300
9	5
10	9
11	5
12	186
13	14
14	1
15	1
16	1
17	5
18	18
19	3
20	21
21	2
22	2
23	6
24	34
25	14
26	4
27	9
28	5
29	18
30	46
31	17
32	3
33	6
34	5
35	2
36	1
37	4
38	8
39	6
40	2
41	10
42	7
43	3
44	5
45	1
46	1
47	8
48	1
49	12
50	4
51	12
52	15
53	1
54	6
55	58
56	2
57	4
58	42
59	10
60	1
61	1
62	3
63	1
64	1
65	1
66	7
67	1
68	1
69	8
70	1
71	1
72	3
73	1
74	3
75	1
76	1
77	10
78	10
79	16
80	26
81	10
82	25
83	26
84	53
85	37
86	11
87	16
88	11
89	12
90	12
91	10
92	13
93	10
94	41
95	15
96	19
97	2
98	5
99	5
100	19
101	3
102	2
103	2
104	26
105	19
106	5
107	1
108	15
109	6
110	12
111	8
112	1
113	2
114	1
115	15
116	12
117	12
118	2
119	1
120	1
121	14
122	6
123	7
124	1
125	6
126	1
127	4
128	1
129	1
130	5
131	4
132	3
133	2
134	15
135	3
136	18
137	21
138	2
139	3
140	2
141	5
142	11
143	2
144	2
145	3
146	3
147	1
148	2
149	13
150	9
151	1
152	2
153	10
154	18
155	4
156	25
157	13
158	4
159	4
160	20
161	1
162	6
163	19
164	10
165	3
166	2
167	2
168	2
169	4
170	2
171	4
172	2
173	4
174	2
175	3
176	2
177	2
178	2
179	1
180	6
181	1
182	4
183	1
184	25
185	8
186	4
187	3
188	6
189	14
190	1
191	1
192	1
193	3
194	3
195	2
196	3
197	6
198	4
199	1
200	1
201	1
202	1
203	3
204	12
205	6
206	4
207	15
208	2
209	2
210	9
211	5
212	6
213	3
214	3
215	2
216	3
217	1
218	1
219	1
220	8
221	1
222	2
223	2
224	2
225	1
226	3
227	1
228	2
229	2
230	2
231	1
232	1
233	1
234	1
235	1
236	10
237	1
238	2
239	8
240	10
241	9
242	12
243	12
244	2
245	1
246	2
247	5
248	9
249	2
250	2
251	1
252	2
253	2
254	12
255	1
256	3
257	4
258	1
259	1
260	4
261	5
262	3
263	2
264	5
265	2
266	2
267	2
268	5
269	11
270	2
271	2
272	2
273	5
274	3
275	1
276	2
277	1
278	3
279	2
280	2
281	1
282	4
283	1
284	2
285	1
286	2
287	11
288	18
289	6
290	1
291	23
292	5
293	2
294	5
295	23
296	1
297	5
298	6
299	2
300	3
301	4
302	1
303	1
304	7
305	5
306	1
307	1
308	9
309	1
310	1
311	1
312	2
313	2
314	8
315	3
316	1
317	6
318	1
319	11
320	37
321	1
322	25
323	2
324	3
325	1
326	5
327	2
328	4
329	4
330	18
331	5
332	1
333	1
334	15
335	1
336	6
337	17
338	6
339	8
340	2
341	14
342	3
343	1
344	3
345	4
346	2
347	1
348	6
349	5
350	2
351	1
352	4
353	1
354	1
355	1
356	3
357	3
358	1
359	2
360	1
361	1
362	1
363	4
364	1
365	1
366	1
367	1
368	1
369	8
370	1
371	6
372	1
373	4
374	4
375	1
376	6
377	4
378	1
379	2
380	8
381	3
382	2
383	2
384	1
385	1
386	3
387	1
388	1
389	10
390	1
391	3
392	2
393	2
394	2
395	1
396	2
397	6
398	1
399	16
400	7
401	2
402	1
403	7
404	2
405	2
406	1
407	6
408	1
409	3
410	1
411	4
412	7
413	9
414	1
415	2
416	1
417	3
418	2
419	7
420	4
421	5
422	1
423	1
424	2
425	1
426	1
427	3
428	3
429	2
430	1
431	1
432	2
433	1
434	1
435	1
436	5
437	4
438	1
439	3
440	1
441	2
442	1
443	6
444	3
445	3
446	1
447	2
448	4
449	6
450	3
451	2
452	8
453	3
454	3
455	1
456	6
457	6
458	5
459	1
460	3
461	1
462	1
463	1
464	7
465	5
466	1
467	1
468	1
469	7
470	7
471	16
472	1
473	3
474	11
475	1
476	2
477	2
478	1
479	2
480	2
481	1
482	1
483	1
484	1
485	1
486	2
487	1
488	1
489	5
490	3
491	5
492	3
493	2
494	4
495	6
496	3
497	2
498	3
499	1
500	2
501	2
502	2
503	4
504	2
505	2
506	6
507	1
508	1
509	1
510	9
511	2
512	1
513	3
514	1
515	3
516	1
517	2
518	9
519	1
520	1
521	2
522	2
523	1
524	3
525	4
526	2
527	5
528	1
529	19
530	1
531	3
532	1
533	5
534	4
535	1
536	2
537	2
538	4
539	3
540	1
541	2
542	2
543	2
544	1
545	1
546	1
547	7
548	4
549	1
550	1
551	1
552	1
553	3
554	1
555	1
556	1
557	9
558	1
559	1
560	4
561	1
562	1
563	1
564	1
565	1
566	9
567	2
568	1
569	1
570	1
571	2
572	1
573	1
574	3
575	1
576	9
577	1
578	1
579	7
580	2
581	1
582	1
583	1
584	1
585	1
586	2
587	2
588	1
589	2
590	1
591	1
592	1
593	1
594	2
595	1
596	1
597	1
598	8
599	2
600	3
601	2
602	1
603	1
604	1
605	1
606	8
607	4
608	1
609	1
610	1
611	1
612	2
613	1
614	1
615	1
616	1
617	3
618	1
619	1
620	1
621	1
622	1
623	1
624	1
625	2
626	1
627	2
628	1
629	2
630	3
631	1
632	1
633	2
634	1
635	3
636	1
637	3
638	1
639	1
640	1
641	3
642	3
643	3
644	3
645	2
646	3
647	1
648	1
649	1
650	2
651	3
652	1
653	1
654	1
655	1
656	1
657	1
658	5
659	2
660	3
661	1
662	3
663	2
664	3
665	1
666	9
667	2
668	2
669	1
670	1
671	3
672	2
673	1
674	1
675	1
676	2
677	2
678	3
679	1
680	1
681	1
682	1
683	4
684	6
685	1
686	2
687	2
688	3
689	1
690	2
691	1
692	2
693	1
694	1
695	2
696	3
697	1
698	4
699	1
700	1
701	1
702	1
703	1
704	1
705	3
706	4
707	2
708	1
709	2
710	1
711	6
712	4
713	2
714	6
715	2
716	2
717	8
718	2
719	3
720	2
721	2
722	2
723	2
724	1
725	1
726	1
727	1
728	9
729	7
730	2
731	1
732	3
733	8
734	2
735	5
736	2
737	2
738	2
739	2
740	4
741	14
742	6
743	9
744	2
745	2
746	2
747	2
748	2
749	2
750	2
751	2
752	6
753	1
754	1
755	1
756	1
757	6
758	6
759	5
760	5
761	2
762	1
763	1
764	1
765	1
766	1
767	1
768	6
769	1
770	2
771	1
772	5
773	2
774	2
775	2
776	1
777	2
778	2
779	2
780	1
781	1
782	2
783	1
784	3
785	7
786	7
787	2
788	2
789	1
790	2
791	2
792	1
793	2
794	1
795	2
796	1
797	2
798	4
799	1
800	1
801	1
802	2
803	3
804	2
805	2
806	2
807	2
808	2
809	2
810	5
811	8
812	1
813	1
814	1
815	3
816	1
817	1
818	1
819	1
820	1
821	1
822	3
823	2
824	1
825	1
826	2
827	1
828	1
829	2
830	1
831	1
832	1
833	1
834	1
835	3
836	1
837	3
838	1
839	3
840	1
841	4
842	3
843	1
844	2
845	1
846	1
847	1
848	3
849	1
850	2
851	2
852	1
853	7
854	1
855	2
856	1
857	2
858	3
859	1
860	2
861	1
862	1
863	2
864	1
865	3
866	5
867	1
868	1
869	1
870	1
871	1
872	1
873	1
874	1
875	1
876	1
877	1
878	1
879	1
880	1
881	2
882	2
883	1
884	2
885	1
886	1
887	3
888	1
889	2
890	1
891	7
892	1
893	1
894	1
895	5
896	1
897	1
898	1
899	1
900	2
901	1
902	1
903	1
904	2
905	3
906	2
907	1
908	5
909	4
910	4
911	1
912	1
913	4
914	4
915	1
916	1
917	1
918	1
919	2
920	4
921	1
922	3
923	1
924	2
925	1
926	1
927	1
928	2
929	1
930	5
931	2
932	2
933	1
934	1
935	1
936	1
937	1
938	2
939	1
940	2
941	1
942	2
943	3
944	2
945	1
946	1
947	2
948	3
949	2
950	2
951	3
952	1
953	1
954	1
955	1
956	1
957	1
958	3
959	2
960	2
961	1
962	1
963	1
964	1
965	1
966	2
967	1
968	1
969	1
970	2
971	1
972	1
973	1
974	1
975	1
976	5
977	1
978	5
979	1
980	2
981	4
982	2
983	4
984	1
985	3
986	1
987	4
988	1
989	1
990	1
991	1
992	4
993	2
994	2
995	1
996	1
997	2
998	1
999	1
1000	1
1001	2
1002	5
1003	1
1004	1
1005	1
1006	2
1007	3
1008	2
1009	2
1010	2
1011	6
1012	3
1013	4
1014	4
1015	4
1016	2
1017	3
1018	1
1019	2
1020	1
1021	2
1022	5
1023	1
1024	1
1025	1
1026	3
1027	1
1028	1
1029	1
1030	2
1031	1
1032	2
1033	1
1034	4
1035	4
1036	1
1037	2
1038	2
1039	1
1040	1
1041	1
1042	1
1043	1
1044	1
1045	2
1046	6
1047	1
1048	1
1049	4
1050	2
1051	1
1052	2
1053	6
1054	4
1055	1
1056	1
1057	1
1058	1
1059	1
1060	1
1061	1
1062	1
1063	3
1064	1
1065	3
1066	1
1067	1
1068	1
1069	1
1070	1
1071	1
1072	1
1073	1
1074	1
1075	1
1076	5
1077	1
1078	1
1079	2
1080	2
1081	1
1082	1
1083	1
1084	1
1085	3
1086	2
1087	2
1088	1
1089	1
1090	1
1091	1
1092	1
1093	1
1094	1
1095	3
1096	1
1097	1
1098	1
1099	1
1100	4
1101	1
1102	1
1103	2
1104	1
1105	1
1106	1
1107	1
1108	2
1109	1
1110	1
1111	1
1112	1
1113	2
1114	6
1115	2
1116	2
1117	1
1118	1
1119	1
1120	1
1121	1
1122	1
1123	1
1124	3
1125	3
1126	3
1127	1
1128	4
1129	1
1130	1
1131	2
1132	1
1133	2
1134	1
1135	1
1136	2
1137	2
1138	1
1139	1
1140	1
1141	1
1142	1
1143	2
1144	2
1145	1
1146	3
1147	1
1148	1
1149	1
1150	1
1151	1
1152	1
1153	1
1154	1
1155	1
1156	1
1157	1
1158	1
1159	1
1160	1
1161	1
1162	1
1163	1
1164	2
1165	1
1166	1
1167	1
1168	1
1169	1
1170	1
1171	1
1172	1
1173	1
1174	1
1175	1
1176	2
1177	2
1178	1
1179	1
1180	1
1181	1
1182	1
1183	1
1184	2
1185	1
1186	1
1187	1
1188	5
1189	2
1190	1
1191	2
1192	1
1193	1
1194	1
1195	1
1196	2
1197	1
1198	1
1199	1
1200	1
1201	1
1202	1
1203	2
1204	2
1205	4
1206	2
1207	1
1208	1
1209	1
1210	1
1211	1
1212	1
1213	1
1214	1
1215	1
1216	1
1217	1
1218	1
1219	1
1220	1
1221	1
1222	2
1223	1
1224	1
1225	1
1226	1
1227	1
1228	1
1229	1
1230	1
1231	1
1232	1
1233	1
1234	1
1235	1
1236	1
1237	2
1238	1
1239	1
1240	1
1241	3
1242	1
1243	2
1244	1
1245	1
1246	2
1247	1
1248	1
1249	1
1250	1
1251	1
1252	1
1253	1
1254	1
1255	1
1256	1
1257	1
1258	2
1259	2
1260	2
1261	2
1262	2
1263	2
1264	2
1265	1
1266	1
1267	1
1268	1
1269	1
1270	1
1271	1
1272	3
1273	4
1274	2
1275	2
1276	2
1277	2
1278	2
1279	1
1280	1
1281	1
1282	1
1283	1
1284	2
1285	1
1286	2
1287	2
1288	1
1289	1
1290	1
1291	1
1292	1
1293	1
1294	1
1295	1
1296	4
1297	1
1298	4
1299	1
1300	1
1301	3
1302	2
1303	1
1304	1
1305	3
1306	1
1307	1
1308	2
1309	2
1310	2
1311	1
1312	2
1313	1
1314	1
1315	1
1316	1
1317	1
1318	1
1319	1
1320	1
1321	1
1322	1
1323	1
1324	1
1325	3
1326	1
1327	1
1328	1
1329	1
1330	1
1331	1
1332	1
1333	1
1334	1
1335	1
1336	1
1337	1
1338	1
1339	1
1340	1
1341	1
1342	1
1343	1
1344	1
1345	1
1346	1
1347	1
1348	1
1349	1
1350	1
1351	1
1352	1
1353	1
1354	1
1355	1
1356	1
1357	1
1358	1
1359	1
1360	1
1361	1
1362	1
1363	1
1364	2
1365	2
1366	2
1367	1
1368	1
1369	1
1370	1
1371	1
1372	2
1373	3
1374	1
1375	1
1376	1
1377	1
1378	2
1379	1
1380	1
1381	1
1382	1
1383	1
1384	1
1385	2
1386	1
1387	1
1388	3
1389	2
1390	1
1391	2
1392	3
1393	1
1394	1
1395	4
1396	1
1397	2
1398	1
1399	2
1400	4
1401	1
1402	1
1403	2
1404	1
1405	2
1406	1
1407	1
1408	1
1409	1
1410	1
1411	2
1412	1
1413	1
1414	1
1415	1
1416	2
1417	1
1418	1
1419	1
1420	1
1421	1
1422	1
1423	1
1424	1
1425	1
1426	2
1427	2
1428	1
1429	5
1430	2
1431	2
1432	1
1433	1
1434	1
1435	1
1436	1
1437	1
1438	1
1439	1
1440	1
1441	1
1442	1
1443	1
1444	1
1445	1
1446	1
1447	2
1448	1
1449	1
1450	1
1451	1
1452	1
1453	1
1454	1
1455	1
1456	1
1457	1
1458	1
1459	1
1460	3
1461	1
1462	1
1463	1
1464	1
1465	1
1466	1
1467	1
1468	1
1469	1
1470	1
1471	1
1472	1
1473	1
1474	2
1475	4
1476	2
1477	2
1478	3
1479	2
1480	1
1481	1
1482	1
1483	1
1484	1
1485	1
1486	3
1487	4
1488	1
1489	1
1490	1
1491	1
1492	1
1493	1
1494	1
1495	1
1496	1
1497	2
1498	1
1499	1
1500	1
1501	1
1502	1
1503	1
1504	1
1505	1
1506	1
1507	1
1508	1
1509	1
1510	1
1511	2
1512	1
1513	1
1514	3
1515	1
1516	2
1517	1
1518	2
1519	2
1520	2
1521	2
1522	1
1523	1
1524	1
1525	1
1526	1
1527	1
1528	1
1529	1
1530	1
1531	3
1532	1
1533	1
1534	1
1535	3
1536	2
1537	1
1538	1
1539	2
1540	3
1541	1
1542	1
1543	1
1544	1
1545	1
1546	1
1547	2
1548	1
1549	1
1550	1
1551	1
1552	1
1553	1
1554	2
1555	1
1556	1
1557	1
1558	1
1559	1
1560	1
1561	1
1562	1
1563	2
1564	1
1565	1
1566	1
1567	2
1568	1
1569	1
1570	1
1571	2
1572	1
1573	1
1574	1
1575	1
1576	2
1577	2
1578	2
1579	2
1580	2
1581	2
1582	2
1583	2
1584	1
1585	1
1586	1
1587	1
1588	1
1589	1
1590	3
1591	1
1592	2
1593	2
1594	1
1595	2
1596	2
1597	2
1598	2
1599	1
1600	1
1601	1
1602	1
1603	1
1604	1
1605	1
1606	1
1607	1
1608	1
1609	2
1610	2
1611	2
1612	1
1613	2
1614	1
1615	1
1616	1
1617	1
1618	1
1619	1
1620	1
1621	1
1622	1
1623	1
1624	1
1625	1
1626	1
1627	1
1628	1
1629	1
1630	1
1631	1
1632	1
1633	1
1634	1
1635	1
1636	1
1637	2
1638	1
1639	1
1640	1
1641	1
1642	1
1643	1
1644	2
1645	1
1646	1
1647	1
1648	1
1649	1
1650	1
1651	1
1652	2
1653	3
1654	1
1655	1
1656	1
1657	1
1658	1
1659	1
1660	1
1661	1
1662	1
1663	1
1664	1
1665	1
1666	1
1667	1
1668	1
1669	1
1670	1
1671	1
1672	1
1673	1
1674	1
1675	1
1676	1
1677	1
1678	1
1679	1
1680	2
1681	1
1682	1
1683	1
1684	1
1685	1
1686	1
1687	1
1688	1
1689	1
1690	1
1691	1
1692	1
1693	1
1694	1
1695	1
1696	1
1697	1
1698	1
1699	1
1700	1
1701	2
1702	1
1703	1
1704	1
1705	1
1706	1
1707	1
1708	2
1709	1
1710	1
1711	2
1712	1
1713	2
1714	1
1715	1
1716	1
1717	1
1718	1
1719	1
1720	2
1721	1
1722	2
1723	2
1724	1
1725	1
1726	2
1727	2
1728	1
1729	3
1730	2
1731	2
1732	2
1733	1
1734	1
1735	1
1736	2
1737	1
1738	1
1739	1
1740	1
1741	1
1742	1
1743	1
1744	2
1745	2
1746	1
1747	1
1748	1
1749	1
1750	1
1751	1
1752	1
1753	1
1754	1
1755	1
1756	1
1757	1
1758	1
1759	1
1760	1
1761	1
1762	1
1763	1
1764	1
1765	1
1766	1
1767	1
1768	1
1769	1
1770	3
1771	1
1772	1
1773	1
1774	1
1775	1
1776	1
1777	1
1778	1
1779	1
1780	1
1781	1
1782	1
1783	1
1784	2
1785	1
1786	1
1787	1
1788	1
1789	1
1790	1
1791	1
1792	1
1793	1
1794	1
1795	1
1796	1
1797	1
1798	1
1799	1
1800	1
1801	1
1802	1
1803	1
1804	1
1805	1
1806	1
1807	1
1808	1
1809	1
1810	1
1811	1
1812	1
1813	1
1814	1
1815	1
1816	1
1817	1
1818	1
1819	2
1820	1
1821	1
1822	1
1823	1
1824	1
1825	1
1826	1
1827	1
1828	1
1829	1
1830	1
1831	1
1832	1
1833	1
1834	1
1835	1
1836	1
1837	1
1838	1
1839	1
1840	1
1841	1
1842	1
1843	1
1844	1
1845	1
1846	1
1847	1
1848	2
1849	2
1850	2
1851	2
1852	2
1853	2
1854	2
1855	2
1856	1
1857	1
1858	1
1859	1
1860	1
1861	1
